547  297  0.738393
152  354  0.689218
415  238  0.641442
299  456  0.606471
596  99  0.604276
582  115  0.603031
220  263  0.596993
417  373  0.582067
506  89  0.568652
366  317  0.557924
328  304  0.553286
259  221  0.552701
262  201  0.535208
191  36  0.52068
360  341  0.516221
141  288  0.514543
470  118  0.513274
535  84  0.512792
406  223  0.505928
552  311  0.500035
201  431  0.496611
115  58  0.493784
139  151  0.492013
469  308  0.486533
141  199  0.485395
541  286  0.483346
205  176  0.483216
442  388  0.482213
268  83  0.480998
218  165  0.477843
86  200  0.473156
195  165  0.471719
292  439  0.463472
233  292  0.462897
263  190  0.46032
188  300  0.457836
506  143  0.457267
575  150  0.455862
533  291  0.455045
276  314  0.455001
402  142  0.454116
281  355  0.452864
486  280  0.450071
395  305  0.449109
467  252  0.447295
207  165  0.444461
553  322  0.438441
208  262  0.437954
250  211  0.4314
492  337  0.428992
227  161  0.427053
250  115  0.424466
301  177  0.423625
484  346  0.422842
232  204  0.415728
586  97  0.415549
568  429  0.414093
434  401  0.411585
201  38  0.410782
501  280  0.406872
395  362  0.403254
273  264  0.401685
343  321  0.400721
502  391  0.400426
286  258  0.399628
391  351  0.397386
173  166  0.396709
219  211  0.395517
494  45  0.393625
481  171  0.393289
217  273  0.393158
553  108  0.393041
443  135  0.391104
463  389  0.389287
286  202  0.389213
320  297  0.388828
608  187  0.387285
312  331  0.386476
539  171  0.386382
334  338  0.385616
301  235  0.38558
579  202  0.38368
205  273  0.383085
567  110  0.380001
73  232  0.378574
276  235  0.378167
457  407  0.375944
370  342  0.375497
266  230  0.374504
484  309  0.373177
179  253  0.372178
585  44  0.37215
399  412  0.371579
369  306  0.371327
89  210  0.37067
447  29  0.369785
228  151  0.369232
206  52  0.367671
472  331  0.367582
390  372  0.3643
455  364  0.364107
102  176  0.36297
543  147  0.36062
280  442  0.360282
390  238  0.359026
487  84  0.35837
627  100  0.35744
561  138  0.357164
379  332  0.355442
137  59  0.355354
562  101  0.354381
76  271  0.353099
308  259  0.351417
380  277  0.349856
281  128  0.347342
196  25  0.344875
244  183  0.343927
483  407  0.342938
114  158  0.342415
571  95  0.342101
300  382  0.341911
465  279  0.341058
449  66  0.33883
89  72  0.337341
232  366  0.334978
253  257  0.334172
582  79  0.334118
571  139  0.333044
219  180  0.33155
513  262  0.330525
152  200  0.329701
251  180  0.32967
489  254  0.328173
379  366  0.326344
380  192  0.324457
526  90  0.32181
400  237  0.320996
430  110  0.31976
266  286  0.317932
499  103  0.317479
481  390  0.317459
132  352  0.316825
485  106  0.316069
373  408  0.315691
52  289  0.313797
327  320  0.313777
246  172  0.312559
484  119  0.312421
249  226  0.309228
59  318  0.308868
303  247  0.307938
97  23  0.307577
475  71  0.306963
608  100  0.305222
271  213  0.303759
144  330  0.302778
143  131  0.301267
354  333  0.300845
72  90  0.300811
196  46  0.297385
263  354  0.292971
531  418  0.291773
534  381  0.289291
282  381  0.28677
442  279  0.286374
235  175  0.285254
191  311  0.283193
39  241  0.282866
610  395  0.282432
180  197  0.28212
496  309  0.28059
22  394  0.278816
161  142  0.278487
186  68  0.277658
281  326  0.277609
240  209  0.27741
255  380  0.273463
382  218  0.271035
391  319  0.269937
562  81  0.269814
272  166  0.269184
228  173  0.267479
374  385  0.266704
525  282  0.265459
204  226  0.265408
225  455  0.265208
120  209  0.262803
470  402  0.261354
66  347  0.260596
447  111  0.260537
472  37  0.260088
74  244  0.256264
161  340  0.255569
221  412  0.253036
298  333  0.251341
457  342  0.25105
427  133  0.250989
400  386  0.248363
73  375  0.247352
259  175  0.246572
90  11  0.246007
551  85  0.24412
354  155  0.243458
281  275  0.242112
478  108  0.241696
287  288  0.241355
209  95  0.241215
462  68  0.240587
458  454  0.24056
478  466  0.239065
553  46  0.239064
252  283  0.238614
470  348  0.238542
42  396  0.236522
45  40  0.236301
291  367  0.235315
524  11  0.234915
118  71  0.234896
372  214  0.234094
280  248  0.233599
410  363  0.233566
181  47  0.233373
156  300  0.233279
425  387  0.232158
251  299  0.231516
438  363  0.230305
72  133  0.229742
183  272  0.228826
138  182  0.227685
100  376  0.226207
446  307  0.224971
495  68  0.224712
65  398  0.223868
385  144  0.220914
101  192  0.219145
232  229  0.218075
535  102  0.217903
93  135  0.217505
46  263  0.217303
493  11  0.21643
292  269  0.214104
428  144  0.213755
507  367  0.213438
250  265  0.20902
159  186  0.205228
261  437  0.204465
211  186  0.203979
552  341  0.201181
337  359  0.201033
73  103  0.200662
587  174  0.2004
479  139  0.200026
282  174  0.19836
84  298  0.198076
570  47  0.19744
457  307  0.197434
358  350  0.197208
516  461  0.196728
409  12  0.192898
229  80  0.191816
150  144  0.191629
281  367  0.19129
558  197  0.190533
486  325  0.190215
304  298  0.189383
139  345  0.189068
267  304  0.185823
62  124  0.183781
79  216  0.182124
174  77  0.181767
415  277  0.181384
79  399  0.180835
291  120  0.180197
224  438  0.179783
507  411  0.177917
128  327  0.174375
252  365  0.173943
360  359  0.173604
427  236  0.172716
73  465  0.172663
398  279  0.169871
57  102  0.169535
542  367  0.168474
262  241  0.167177
592  126  0.166921
215  363  0.166733
421  157  0.166668
351  13  0.166336
491  406  0.16263
392  153  0.162522
294  358  0.161852
600  383  0.160151
88  326  0.160126
376  87  0.159931
579  66  0.156363
223  116  0.155802
299  262  0.154302
283  212  0.154179
447  373  0.154037
152  159  0.152141
606  92  0.151652
480  319  0.150437
388  64  0.150036
541  131  0.149953
410  127  0.149857
507  298  0.148966
465  419  0.147919
93  352  0.147299
61  87  0.145633
128  299  0.144618
521  159  0.144253
538  391  0.143857
563  312  0.14214
251  140  0.141344
486  153  0.141063
111  135  0.14105
182  156  0.139609
141  376  0.139561
77  202  0.139438
553  369  0.138655
624  124  0.138507
213  148  0.137647
552  283  0.137445
285  31  0.137139
578  187  0.136598
488  50  0.135701
561  342  0.133577
625  72  0.133241
420  306  0.131965
68  158  0.131827
80  125  0.131008
240  277  0.130767
142  353  0.130018
269  149  0.129841
205  302  0.128433
448  333  0.128377
458  330  0.126112
373  327  0.126058
195  210  0.125197
164  151  0.124522
395  217  0.123382
199  12  0.122422
298  155  0.12172
276  104  0.121321
480  61  0.121279
172  329  0.121187
106  210  0.120223
388  430  0.120077
496  75  0.119404
507  168  0.117695
169  310  0.117192
568  394  0.116276
428  373  0.115851
393  190  0.113069
35  222  0.112879
191  363  0.112197
527  401  0.111994
460  353  0.110127
269  468  0.110098
73  117  0.108914
107  451  0.108091
278  152  0.107873
301  278  0.107849
394  127  0.107188
192  415  0.106259
261  263  0.106063
534  158  0.105644
134  418  0.103517
389  339  0.103438
36  404  0.103403
448  453  0.103155
441  247  0.102923
521  310  0.102604
334  349  0.102434
365  331  0.100811
183  428  0.100524
464  320  0.10048
84  171  0.100366
521  22  0.100185
368  400  0.100084
382  45  0.0988999
375  108  0.0985974
444  438  0.0977684
287  77  0.0972709
456  372  0.0968032
256  462  0.0963095
391  247  0.0956771
309  469  0.0946899
596  76  0.094572
461  368  0.0932772
107  77  0.0926129
298  204  0.0917158
468  465  0.0917025
292  403  0.0908726
495  129  0.0903643
464  268  0.0896511
166  175  0.0883898
182  28  0.088283
137  141  0.088072
72  175  0.0878514
351  115  0.0872158
338  123  0.0871264
239  160  0.0869057
517  126  0.0860919
218  235  0.085423
362  405  0.0853836
483  34  0.0852844
242  192  0.0849704
211  123  0.0844259
90  387  0.0839163
280  304  0.0831923
211  329  0.0823407
404  211  0.0823071
370  159  0.0812567
341  205  0.0793128
449  15  0.0791144
442  469  0.0790283
417  104  0.0787602
126  136  0.0786053
174  204  0.0780715
465  368  0.0773007
629  190  0.0760165
428  251  0.0756518
92  84  0.0748549
444  418  0.0736433
322  383  0.0732522
125  99  0.0730094
623  61  0.0726553
537  92  0.0726482
414  203  0.0725556
295  348  0.0719578
65  420  0.0706422
487  266  0.0705984
336  55  0.0695164
279  295  0.0691221
423  426  0.0688851
481  328  0.0687455
368  16  0.0683104
41  23  0.0679638
215  157  0.0673942
319  129  0.0669655
583  20  0.0668641
231  192  0.0666356
362  28  0.065829
272  380  0.0651192
168  158  0.0650118
541  74  0.0649962
400  373  0.0645411
86  232  0.0643637
238  199  0.0643224
466  130  0.0642814
559  188  0.0641732
253  162  0.0638194
506  400  0.0632464
101  13  0.0630795
420  338  0.0627991
55  92  0.0623606
460  138  0.0617688
95  123  0.0610005
564  41  0.0603433
403  83  0.0595462
86  135  0.0590699
577  138  0.0578543
339  435  0.0577817
291  228  0.0565529
623  426  0.0564059
157  106  0.0564021
261  127  0.0553604
227  211  0.0545617
380  322  0.0542937
484  418  0.0539835
265  398  0.0528882
128  112  0.0527254
236  185  0.0525134
251  200  0.0523388
419  221  0.0523326
213  431  0.0520146
477  365  0.0518462
348  369  0.0514001
524  254  0.0512268
603  71  0.0503725
244  104  0.050371
343  436  0.0502779
178  239  0.0502643
365  120  0.0502014
516  391  0.0500206
417  216  0.0497701
159  263  0.0496064
440  163  0.0495798
408  284  0.0487362
409  368  0.0484911
382  353  0.0476558
356  406  0.0475554
400  398  0.0475321
97  352  0.0474384
160  446  0.0470237
211  469  0.0469097
571  168  0.0467704
392  82  0.0464513
502  338  0.0452869
493  87  0.0444161
336  331  0.043478
353  371  0.0433011
522  169  0.0429084
374  296  0.0427443
537  443  0.0426557
514  152  0.041817
493  164  0.041794
288  92  0.0417738
126  376  0.0417015
494  25  0.0415465
610  62  0.0410661
527  388  0.0409614
111  116  0.0400034
430  85  0.0399241
137  273  0.0390927
258  297  0.0385526
433  240  0.0381993
372  55  0.0378488
347  352  0.0377116
480  445  0.0374006
563  65  0.0372943
615  82  0.0365581
449  291  0.0363616
310  73  0.0359291
510  181  0.0355115
431  447  0.0354594
159  166  0.0352365
506  75  0.0345521
203  84  0.0344708
301  282  0.0341593
462  31  0.0337243
259  179  0.0335187
382  357  0.0327848
553  393  0.0327414
64  139  0.0327347
383  308  0.0326015
514  311  0.0323951
509  311  0.0322323
396  25  0.0321806
410  383  0.0316929
314  140  0.0313974
455  155  0.0306641
138  299  0.0305987
476  127  0.030271
332  417  0.0302402
591  34  0.0300117
239  164  0.0291442
189  132  0.0290574
269  248  0.0287996
357  372  0.0287806
589  194  0.0286726
427  124  0.0285351
223  195  0.0278319
334  313  0.027741
458  19  0.0275226
301  410  0.0272789
484  241  0.026859
291  317  0.0264137
626  115  0.0261387
414  387  0.0257448
48  249  0.0255344
155  143  0.0253649
459  335  0.0252627
136  331  0.0250121
205  247  0.024857
614  95  0.0246726
32  456  0.0245885
486  366  0.0242396
301  432  0.0241538
228  391  0.0240787
358  155  0.0237735
440  65  0.0234357
467  446  0.0233075
372  446  0.023133
65  280  0.0227547
533  393  0.0224952
174  128  0.0224801
228  92  0.0224779
532  280  0.0224174
291  244  0.0222145
78  209  0.0219215
133  451  0.02179
506  56  0.0213961
163  244  0.0210429
262  301  0.0210392
522  76  0.0210365
525  309  0.0206055
275  341  0.0202002
361  206  0.0201553
347  436  0.0200551
566  22  0.0198829
28  195  0.019671
50  437  0.0195627
284  426  0.0194016
510  421  0.0192846
580  127  0.019153
96  118  0.0190541
493  56  0.0189775
228  400  0.0186193
159  248  0.018553
112  271  0.0181996
231  186  0.0181233
490  94  0.0180659
448  80  0.0178106
276  223  0.0178069
516  27  0.0177524
234  124  0.0176906
414  62  0.0173225
571  59  0.0171828
440  252  0.0167441
303  98  0.0166963
496  291  0.0166749
308  141  0.0166167
227  71  0.0164065
528  256  0.0163934
468  296  0.0163798
439  413  0.0163047
404  373  0.0162463
593  118  0.0161891
119  44  0.0161821
460  418  0.0159265
489  32  0.015852
407  348  0.0158352
401  292  0.0157591
135  277  0.0154608
629  396  0.0153482
360  16  0.015259
227  383  0.0151346
396  444  0.0150193
